
  
   Local          | Remote         | Time (UTC)          
  ----------------|----------------|---------------------
   001            | 001            | 001                 
   002            | 002            | 002                 
   003            | 003            | 003                 
   004            | 004            | 004                 
   005            | 005            | 005                 
   006            | 006            | 006                 
   007            | 007            | 007                 
   008            | 008            | 008                 
   009            | 009            | 009                 
   010            | 010            | 010                 
   011            | 011            | 011                 
   012            | 012            | 012                 
   013            | 013            | 013                 
   014            | 014            | 014                 
   015            | 015            | 015                 
   016            | 016            | 016                 
   017            | 017            | 017                 
   018            | 018            | 018                 
   019            | 019            | 019                 
                  | 020            | 020                 
   0201           | 0201           | 0201                
   020            |                | 020                 
                  | 021            | 021                 
   0210           | 0210           | 0210                
   0211           | 0211           | 0211                
   021            |                | 021                 
                  | 022            | 022                 
   0221           | 0221           | 0221                
   022            |                | 022                 
   023            | 023            | 023                 
   024            | 024            | 024                 
   025            | 025            | 025                 
   026            | 026            | 026                 
   20260322211205 | 20260322211205 | 2026-03-22 21:12:05 
   20260322234425 | 20260322234425 | 2026-03-22 23:44:25 
   20260323081411 | 20260323081411 | 2026-03-23 08:14:11 
   20260323150041 |                | 2026-03-23 15:00:41 
   20260324000000 | 20260324000000 | 2026-03-24 00:00:00 
   20260324000001 |                | 2026-03-24 00:00:01 
   20260324135241 |                | 2026-03-24 13:52:41 
   20260325000000 |                | 2026-03-25 00:00:00 
   20260326000000 |                | 2026-03-26 00:00:00 

